camera_matrix:
- [887.5, 0, 319.5, 0]
- [0, 887.5, 239.5, 0]
- [0, 0, 1, 0]
