camera_matrix:
- [1296, 0, 319.5, 0]
- [0, 1295, 239.5, 0]
- [0, 0, 1, 0]
